#Layer_Color=32896
#
#Feature symbol names
#
$0 r9.8425
$1 r7.874

#
#Feature attribute names
#

#
#Layer features
#
A 4.3333859 3.3105118 4.3333859 3.3105118 4.3284646 3.3105118 0 P 0 N
A 4.5380315 3.5711417 4.5380315 3.5711417 4.5331102 3.5711417 0 P 0 N
L 4.0262204 3.9221259 4.0262204 3.937874 1 P 0
L 4.0537795 3.9221259 4.0537795 3.937874 1 P 0
L 4.0612205 2.842126 4.0612205 2.8578741 1 P 0
L 4.0887796 2.842126 4.0887796 2.8578741 1 P 0
L 4.1215748 3.3695669 4.1215748 3.4404331 1 P 0
L 4.1215748 3.3695669 4.3184252 3.3695669 1 P 0
L 4.1215748 3.4404331 4.3184252 3.4404331 1 P 0
L 4.1362205 2.842126 4.1362205 2.8578741 1 P 0
L 4.1637796 2.842126 4.1637796 2.8578741 1 P 0
L 4.2112205 2.842126 4.2112205 2.8578741 1 P 0
L 4.2387796 2.842126 4.2387796 2.8578741 1 P 0
L 4.262126 4.1062204 4.2778741 4.1062204 1 P 0
L 4.262126 4.1337795 4.2778741 4.1337795 1 P 0
L 4.2862205 2.842126 4.2862205 2.8578741 1 P 0
L 4.3137796 2.842126 4.3137796 2.8578741 1 P 0
L 4.3184252 3.3695669 4.3184252 3.4404331 1 P 0
L 4.3612205 2.842126 4.3612205 2.8578741 1 P 0
L 4.3887796 2.842126 4.3887796 2.8578741 1 P 0
L 4.4362205 2.842126 4.4362205 2.8578741 1 P 0
L 4.447126 4.3712204 4.4628741 4.3712204 1 P 0
L 4.447126 4.3987795 4.4628741 4.3987795 1 P 0
L 4.4637796 2.842126 4.4637796 2.8578741 1 P 0
L 4.5112205 2.842126 4.5112205 2.8578741 1 P 0
L 4.5331102 3.4038189 4.5331102 3.5061811 1 P 0
L 4.5331102 3.4038189 4.7968897 3.4038189 1 P 0
L 4.5331102 3.5061811 4.7968897 3.5061811 1 P 0
L 4.5387796 2.842126 4.5387796 2.8578741 1 P 0
L 4.5862205 2.842126 4.5862205 2.8578741 1 P 0
L 4.6137796 2.842126 4.6137796 2.8578741 1 P 0
L 4.662126 4.5312204 4.6778741 4.5312204 1 P 0
L 4.662126 4.5587795 4.6778741 4.5587795 1 P 0
L 4.7968897 3.4038189 4.7968897 3.5061811 1 P 0
L 4.9112204 3.3321259 4.9112204 3.347874 1 P 0
L 4.9387795 3.3321259 4.9387795 3.347874 1 P 0
L 5.1362205 4.377126 5.1362205 4.3928741 1 P 0
L 5.1637796 4.377126 5.1637796 4.3928741 1 P 0
L 5.2362205 4.377126 5.2362205 4.3928741 1 P 0
L 5.2637796 4.377126 5.2637796 4.3928741 1 P 0
L 5.3362205 4.377126 5.3362205 4.3928741 1 P 0
L 5.3637796 4.377126 5.3637796 4.3928741 1 P 0
L 5.3712205 3.162126 5.3712205 3.1778741 1 P 0
L 5.3987796 3.162126 5.3987796 3.1778741 1 P 0
L 5.4362205 3.162126 5.4362205 3.1778741 1 P 0
L 5.4637796 3.162126 5.4637796 3.1778741 1 P 0
