#Layer_Color=32768
#
#Feature symbol names
#
$0 r1.9685
$1 r3.937

#
#Feature attribute names
#

#
#Layer features
#
L 4.0033464 4.542756 4.0033464 4.6372441 1 P 0
L 4.0033464 4.542756 4.0466535 4.542756 1 P 0
L 4.0033464 4.6372441 4.0466535 4.6372441 1 P 0
L 4.0033465 4.4327558 4.0033465 4.527244 1 P 0
L 4.0033465 4.4327558 4.0466536 4.4327558 1 P 0
L 4.0033465 4.527244 4.0466536 4.527244 1 P 0
L 4.0062991 4.5900001 4.0437007 4.5900001 1 P 0
L 4.0062993 4.4799999 4.0437009 4.4799999 1 P 0
L 4.0183464 3.8827558 4.0183464 3.977244 1 P 0
L 4.0183464 3.8827558 4.0616535 3.8827558 1 P 0
L 4.0183464 3.977244 4.0616535 3.977244 1 P 0
L 4.0212991 3.9299999 4.0587007 3.9299999 1 P 0
L 4.0249999 4.5712993 4.0249999 4.6087008 1 P 0
L 4.0250001 4.4612992 4.0250001 4.4987007 1 P 0
L 4.0377559 3.2233464 4.0377559 3.2666535 1 P 0
L 4.0377559 3.2233464 4.132244 3.2233464 1 P 0
L 4.0377559 3.2666535 4.132244 3.2666535 1 P 0
L 4.0383464 3.312756 4.0383464 3.4072441 1 P 0
L 4.0383464 3.312756 4.0816535 3.312756 1 P 0
L 4.0383464 3.4072441 4.0816535 3.4072441 1 P 0
L 4.0399999 3.9112992 4.0399999 3.9487007 1 P 0
L 4.0412991 3.3600001 4.0787007 3.3600001 1 P 0
L 4.0433464 3.082756 4.0433464 3.1772442 1 P 0
L 4.0433464 3.082756 4.0866535 3.082756 1 P 0
L 4.0433464 3.1772442 4.0866535 3.1772442 1 P 0
L 4.0433465 2.9627559 4.0433465 3.057244 1 P 0
L 4.0433465 2.9627559 4.0866536 2.9627559 1 P 0
L 4.0433465 3.057244 4.0866536 3.057244 1 P 0
L 4.0462991 3.1300001 4.0837007 3.1300001 1 P 0
L 4.0462993 3.0099999 4.0837009 3.0099999 1 P 0
L 4.0466535 4.542756 4.0466535 4.6372441 1 P 0
L 4.0466536 4.4327558 4.0466536 4.527244 1 P 0
L 4.0533465 2.802756 4.0533465 2.8972442 1 P 0
L 4.0533465 2.802756 4.0966536 2.802756 1 P 0
L 4.0533465 2.8972442 4.0966536 2.8972442 1 P 0
L 4.0562993 2.8500001 4.0937009 2.8500001 1 P 0
L 4.0599999 3.3412993 4.0599999 3.3787008 1 P 0
L 4.0616535 3.8827558 4.0616535 3.977244 1 P 0
L 4.0649999 3.1112993 4.0649999 3.1487008 1 P 0
L 4.0650001 2.9912992 4.0650001 3.0287007 1 P 0
L 4.0662992 3.2449999 4.1037007 3.2449999 1 P 0
L 4.0750001 2.8312993 4.0750001 2.8687008 1 P 0
L 4.0816535 3.312756 4.0816535 3.4072441 1 P 0
L 4.0849999 3.2262991 4.0849999 3.2637007 1 P 0
L 4.0866535 3.082756 4.0866535 3.1772442 1 P 0
L 4.0866536 2.9627559 4.0866536 3.057244 1 P 0
L 4.0966536 2.802756 4.0966536 2.8972442 1 P 0
L 4.1083464 3.082756 4.1083464 3.1772442 1 P 0
L 4.1083464 3.082756 4.1516535 3.082756 1 P 0
L 4.1083464 3.1772442 4.1516535 3.1772442 1 P 0
L 4.1083465 2.9627559 4.1083465 3.057244 1 P 0
L 4.1083465 2.9627559 4.1516536 2.9627559 1 P 0
L 4.1083465 3.057244 4.1516536 3.057244 1 P 0
L 4.1112991 3.1300001 4.1487007 3.1300001 1 P 0
L 4.1112993 3.0099999 4.1487009 3.0099999 1 P 0
L 4.1117323 3.2573622 4.1117323 3.5526378 1 P 0
L 4.1117323 3.2573622 4.3282677 3.2573622 1 P 0
L 4.1117323 3.5526378 4.3282677 3.5526378 1 P 0
L 4.117756 3.1883464 4.117756 3.2316535 1 P 0
L 4.117756 3.1883464 4.2122441 3.1883464 1 P 0
L 4.117756 3.2316535 4.2122441 3.2316535 1 P 0
L 4.1283465 2.802756 4.1283465 2.8972442 1 P 0
L 4.1283465 2.802756 4.1716536 2.802756 1 P 0
L 4.1283465 2.8972442 4.1716536 2.8972442 1 P 0
L 4.1299999 3.1112993 4.1299999 3.1487008 1 P 0
L 4.1300001 2.9912992 4.1300001 3.0287007 1 P 0
L 4.1312993 2.8500001 4.1687009 2.8500001 1 P 0
L 4.132244 3.2233464 4.132244 3.2666535 1 P 0
L 4.1462993 3.2099999 4.1837008 3.2099999 1 P 0
L 4.1500001 2.8312993 4.1500001 2.8687008 1 P 0
L 4.1516535 3.082756 4.1516535 3.1772442 1 P 0
L 4.1516536 2.9627559 4.1516536 3.057244 1 P 0
L 4.1650001 3.1912991 4.1650001 3.2287007 1 P 0
L 4.1716536 2.802756 4.1716536 2.8972442 1 P 0
L 4.200315 3.405 4.239685 3.405 1 P 0
L 4.2033465 2.802756 4.2033465 2.8972442 1 P 0
L 4.2033465 2.802756 4.2466536 2.802756 1 P 0
L 4.2033465 2.8972442 4.2466536 2.8972442 1 P 0
L 4.2043701 2.9943701 4.2043701 3.91563 0 P 0
L 4.2043701 2.9943701 5.12563 2.9943701 0 P 0
L 4.2043701 3.91563 5.12563 3.91563 0 P 0
L 4.2062993 2.8500001 4.2437009 2.8500001 1 P 0
L 4.2122441 3.1883464 4.2122441 3.2316535 1 P 0
L 4.2183465 2.972756 4.2183465 3.0672441 1 P 0
L 4.2183465 2.972756 4.2616536 2.972756 1 P 0
L 4.2183465 3.0672441 4.2616536 3.0672441 1 P 0
L 4.22 3.3853149 4.22 3.424685 1 P 0
L 4.2212993 3.0200001 4.2587009 3.0200001 1 P 0
L 4.222756 4.0983464 4.222756 4.1416535 1 P 0
L 4.222756 4.0983464 4.3172442 4.0983464 1 P 0
L 4.222756 4.1416535 4.3172442 4.1416535 1 P 0
L 4.2250001 2.8312993 4.2250001 2.8687008 1 P 0
L 4.2400001 3.0012993 4.2400001 3.0387008 1 P 0
L 4.2466536 2.802756 4.2466536 2.8972442 1 P 0
L 4.2512993 4.1199999 4.2887008 4.1199999 1 P 0
L 4.2616536 2.972756 4.2616536 3.0672441 1 P 0
L 4.2700001 4.1012991 4.2700001 4.1387007 1 P 0
L 4.2783465 2.802756 4.2783465 2.8972442 1 P 0
L 4.2783465 2.802756 4.3216536 2.802756 1 P 0
L 4.2783465 2.8972442 4.3216536 2.8972442 1 P 0
L 4.2812993 2.8500001 4.3187009 2.8500001 1 P 0
L 4.3000001 2.8312993 4.3000001 2.8687008 1 P 0
L 4.3172442 4.0983464 4.3172442 4.1416535 1 P 0
L 4.3216536 2.802756 4.3216536 2.8972442 1 P 0
L 4.3282677 3.2573622 4.3282677 3.5526378 1 P 0
L 4.3533465 2.802756 4.3533465 2.8972442 1 P 0
L 4.3533465 2.802756 4.3966536 2.802756 1 P 0
L 4.3533465 2.8972442 4.3966536 2.8972442 1 P 0
L 4.3562993 2.8500001 4.3937009 2.8500001 1 P 0
L 4.3750001 2.8312993 4.3750001 2.8687008 1 P 0
L 4.3966536 2.802756 4.3966536 2.8972442 1 P 0
L 4.407756 4.3633464 4.407756 4.4066535 1 P 0
L 4.407756 4.3633464 4.5022442 4.3633464 1 P 0
L 4.407756 4.4066535 4.5022442 4.4066535 1 P 0
L 4.4283465 2.802756 4.4283465 2.8972442 1 P 0
L 4.4283465 2.802756 4.4716536 2.802756 1 P 0
L 4.4283465 2.8972442 4.4716536 2.8972442 1 P 0
L 4.4312993 2.8500001 4.4687009 2.8500001 1 P 0
L 4.4362993 4.3849999 4.4737008 4.3849999 1 P 0
L 4.4500001 2.8312993 4.4500001 2.8687008 1 P 0
L 4.4550001 4.3662991 4.4550001 4.4037007 1 P 0
L 4.4583465 3.292756 4.4583465 3.3872441 1 P 0
L 4.4583465 3.292756 4.5016536 3.292756 1 P 0
L 4.4583465 3.3872441 4.5016536 3.3872441 1 P 0
L 4.4612993 3.3400001 4.4987009 3.3400001 1 P 0
L 4.4716536 2.802756 4.4716536 2.8972442 1 P 0
L 4.4800001 3.3212993 4.4800001 3.3587008 1 P 0
L 4.5016536 3.292756 4.5016536 3.3872441 1 P 0
L 4.5022442 4.3633464 4.5022442 4.4066535 1 P 0
L 4.5033465 2.802756 4.5033465 2.8972442 1 P 0
L 4.5033465 2.802756 4.5466536 2.802756 1 P 0
L 4.5033465 2.8972442 4.5466536 2.8972442 1 P 0
L 4.5062993 2.8500001 4.5437009 2.8500001 1 P 0
L 4.5134252 3.2660236 4.5134252 3.6439763 1 P 0
L 4.5134252 3.2660236 4.8165748 3.2660236 1 P 0
L 4.5134252 3.6439763 4.8165748 3.6439763 1 P 0
L 4.5250001 2.8312993 4.5250001 2.8687008 1 P 0
L 4.5466536 2.802756 4.5466536 2.8972442 1 P 0
L 4.5677559 2.9283465 4.5677559 2.9716536 1 P 0
L 4.5677559 2.9283465 4.662244 2.9283465 1 P 0
L 4.5677559 2.9716536 4.662244 2.9716536 1 P 0
L 4.567756 4.3733464 4.567756 4.4166535 1 P 0
L 4.567756 4.3733464 4.6622441 4.3733464 1 P 0
L 4.567756 4.4166535 4.6622441 4.4166535 1 P 0
L 4.5783464 3.9327559 4.5783464 4.027244 1 P 0
L 4.5783464 3.9327559 4.6216535 3.9327559 1 P 0
L 4.5783464 4.027244 4.6216535 4.027244 1 P 0
L 4.5783465 2.802756 4.5783465 2.8972442 1 P 0
L 4.5783465 2.802756 4.6216536 2.802756 1 P 0
L 4.5783465 2.8972442 4.6216536 2.8972442 1 P 0
L 4.5812991 3.9799999 4.6187007 3.9799999 1 P 0
L 4.5812993 2.8500001 4.6187009 2.8500001 1 P 0
L 4.5962992 2.9500001 4.6337007 2.9500001 1 P 0
L 4.5962993 4.3949999 4.6337008 4.3949999 1 P 0
L 4.5999999 3.9612992 4.5999999 3.9987007 1 P 0
L 4.6000001 2.8312993 4.6000001 2.8687008 1 P 0
L 4.6149999 2.9312993 4.6149999 2.9687009 1 P 0
L 4.6150001 4.3762991 4.6150001 4.4137007 1 P 0
L 4.6216535 3.9327559 4.6216535 4.027244 1 P 0
L 4.6216536 2.802756 4.6216536 2.8972442 1 P 0
L 4.622756 4.5233464 4.622756 4.5666535 1 P 0
L 4.622756 4.5233464 4.7172442 4.5233464 1 P 0
L 4.622756 4.5666535 4.7172442 4.5666535 1 P 0
L 4.6277559 2.8183464 4.6277559 2.8616535 1 P 0
L 4.6277559 2.8183464 4.722244 2.8183464 1 P 0
L 4.6277559 2.8616535 4.722244 2.8616535 1 P 0
L 4.6277559 2.8733464 4.6277559 2.9166535 1 P 0
L 4.6277559 2.8733464 4.722244 2.8733464 1 P 0
L 4.6277559 2.9166535 4.722244 2.9166535 1 P 0
L 4.6277559 2.9283464 4.6277559 2.9716535 1 P 0
L 4.6277559 2.9283464 4.722244 2.9283464 1 P 0
L 4.6277559 2.9716535 4.722244 2.9716535 1 P 0
L 4.6453149 3.455 4.684685 3.455 1 P 0
L 4.645315 3.4550001 4.6846851 3.4550001 1 P 0
L 4.6512993 4.5449999 4.6887008 4.5449999 1 P 0
L 4.6562992 2.8399999 4.6937007 2.8399999 1 P 0
L 4.6562992 2.8949999 4.6937007 2.8949999 1 P 0
L 4.6562992 2.9499999 4.6937007 2.9499999 1 P 0
L 4.662244 2.9283465 4.662244 2.9716536 1 P 0
L 4.6622441 4.3733464 4.6622441 4.4166535 1 P 0
L 4.665 3.4353149 4.665 3.474685 1 P 0
L 4.665 3.435315 4.665 3.4746851 1 P 0
L 4.6700001 4.5262991 4.6700001 4.5637007 1 P 0
L 4.6749999 2.8212991 4.6749999 2.8587007 1 P 0
L 4.6749999 2.8762991 4.6749999 2.9137007 1 P 0
L 4.6749999 2.9312991 4.6749999 2.9687007 1 P 0
L 4.7172442 4.5233464 4.7172442 4.5666535 1 P 0
L 4.722244 2.8183464 4.722244 2.8616535 1 P 0
L 4.722244 2.8733464 4.722244 2.9166535 1 P 0
L 4.722244 2.9283464 4.722244 2.9716535 1 P 0
L 4.7883464 4.2077559 4.7883464 4.302244 1 P 0
L 4.7883464 4.2077559 4.8316535 4.2077559 1 P 0
L 4.7883464 4.302244 4.8316535 4.302244 1 P 0
L 4.7883464 4.3127559 4.7883464 4.407244 1 P 0
L 4.7883464 4.3127559 4.8316535 4.3127559 1 P 0
L 4.7883464 4.407244 4.8316535 4.407244 1 P 0
L 4.7912991 4.2549999 4.8287007 4.2549999 1 P 0
L 4.7912991 4.3599999 4.8287007 4.3599999 1 P 0
L 4.8099999 4.2362992 4.8099999 4.2737007 1 P 0
L 4.8099999 4.3412992 4.8099999 4.3787007 1 P 0
L 4.8165748 3.2660236 4.8165748 3.6439763 1 P 0
L 4.8316535 4.2077559 4.8316535 4.302244 1 P 0
L 4.8316535 4.3127559 4.8316535 4.407244 1 P 0
L 4.8433464 4.2077559 4.8433464 4.302244 1 P 0
L 4.8433464 4.2077559 4.8866535 4.2077559 1 P 0
L 4.8433464 4.302244 4.8866535 4.302244 1 P 0
L 4.8433464 4.3127559 4.8433464 4.407244 1 P 0
L 4.8433464 4.3127559 4.8866535 4.3127559 1 P 0
L 4.8433464 4.407244 4.8866535 4.407244 1 P 0
L 4.8462991 4.2549999 4.8837007 4.2549999 1 P 0
L 4.8462991 4.3599999 4.8837007 4.3599999 1 P 0
L 4.8483464 3.9727559 4.8483464 4.067244 1 P 0
L 4.8483464 3.9727559 4.8916535 3.9727559 1 P 0
L 4.8483464 4.067244 4.8916535 4.067244 1 P 0
L 4.8483465 2.697756 4.8483465 2.7922441 1 P 0
L 4.8483465 2.697756 4.8916536 2.697756 1 P 0
L 4.8483465 2.7922441 4.8916536 2.7922441 1 P 0
L 4.8512991 4.0199999 4.8887007 4.0199999 1 P 0
L 4.8512993 2.7450001 4.8887009 2.7450001 1 P 0
L 4.8649999 4.2362992 4.8649999 4.2737007 1 P 0
L 4.8649999 4.3412992 4.8649999 4.3787007 1 P 0
L 4.8699999 4.0012992 4.8699999 4.0387007 1 P 0
L 4.8700001 2.7262993 4.8700001 2.7637008 1 P 0
L 4.8866535 4.2077559 4.8866535 4.302244 1 P 0
L 4.8866535 4.3127559 4.8866535 4.407244 1 P 0
L 4.8916535 3.9727559 4.8916535 4.067244 1 P 0
L 4.8916536 2.697756 4.8916536 2.7922441 1 P 0
L 4.8983464 4.2077559 4.8983464 4.302244 1 P 0
L 4.8983464 4.2077559 4.9416535 4.2077559 1 P 0
L 4.8983464 4.302244 4.9416535 4.302244 1 P 0
L 4.8983464 4.3127559 4.8983464 4.407244 1 P 0
L 4.8983464 4.3127559 4.9416535 4.3127559 1 P 0
L 4.8983464 4.407244 4.9416535 4.407244 1 P 0
L 4.9012991 4.2549999 4.9387007 4.2549999 1 P 0
L 4.9012991 4.3599999 4.9387007 4.3599999 1 P 0
L 4.9033464 3.2927558 4.9033464 3.387244 1 P 0
L 4.9033464 3.2927558 4.9466535 3.2927558 1 P 0
L 4.9033464 3.387244 4.9466535 3.387244 1 P 0
L 4.9062991 3.3399999 4.9437007 3.3399999 1 P 0
L 4.9133465 2.697756 4.9133465 2.7922441 1 P 0
L 4.9133465 2.697756 4.9566536 2.697756 1 P 0
L 4.9133465 2.7922441 4.9566536 2.7922441 1 P 0
L 4.9154212 4.1049999 5.2300001 3.7904211 0 P 0
L 4.9154212 4.1049999 5.2300001 4.4195789 0 P 0
L 4.9162993 2.7450001 4.9537009 2.7450001 1 P 0
L 4.9199999 4.2362992 4.9199999 4.2737007 1 P 0
L 4.9199999 4.3412992 4.9199999 4.3787007 1 P 0
L 4.9249999 3.3212992 4.9249999 3.3587007 1 P 0
L 4.9277559 4.5783464 4.9277559 4.6216535 1 P 0
L 4.9277559 4.5783464 5.022244 4.5783464 1 P 0
L 4.9277559 4.6216535 5.022244 4.6216535 1 P 0
L 4.927756 4.5083465 4.927756 4.5516536 1 P 0
L 4.927756 4.5083465 5.0222441 4.5083465 1 P 0
L 4.927756 4.5516536 5.0222441 4.5516536 1 P 0
L 4.9283464 4.392756 4.9283464 4.4872442 1 P 0
L 4.9283464 4.392756 4.9716535 4.392756 1 P 0
L 4.9283464 4.4872442 4.9716535 4.4872442 1 P 0
L 4.9312991 4.4400001 4.9687007 4.4400001 1 P 0
L 4.9350001 2.7262993 4.9350001 2.7637008 1 P 0
L 4.9416535 4.2077559 4.9416535 4.302244 1 P 0
L 4.9416535 4.3127559 4.9416535 4.407244 1 P 0
L 4.9466535 3.2927558 4.9466535 3.387244 1 P 0
L 4.9499999 4.4212993 4.9499999 4.4587008 1 P 0
L 4.9533464 4.2077559 4.9533464 4.302244 1 P 0
L 4.9533464 4.2077559 4.9966535 4.2077559 1 P 0
L 4.9533464 4.302244 4.9966535 4.302244 1 P 0
L 4.9533465 4.312756 4.9533465 4.4072441 1 P 0
L 4.9533465 4.312756 4.9966536 4.312756 1 P 0
L 4.9533465 4.4072441 4.9966536 4.4072441 1 P 0
L 4.9562991 4.2549999 4.9937007 4.2549999 1 P 0
L 4.9562992 4.5999999 4.9937007 4.5999999 1 P 0
L 4.9562993 4.3600001 4.9937009 4.3600001 1 P 0
L 4.9562993 4.5300001 4.9937008 4.5300001 1 P 0
L 4.9566536 2.697756 4.9566536 2.7922441 1 P 0
L 4.9716535 4.392756 4.9716535 4.4872442 1 P 0
L 4.9749999 4.2362992 4.9749999 4.2737007 1 P 0
L 4.9749999 4.5812991 4.9749999 4.6187007 1 P 0
L 4.9750001 4.3412993 4.9750001 4.3787008 1 P 0
L 4.9750001 4.5112993 4.9750001 4.5487009 1 P 0
L 4.9783465 2.697756 4.9783465 2.7922441 1 P 0
L 4.9783465 2.697756 5.0216536 2.697756 1 P 0
L 4.9783465 2.7922441 5.0216536 2.7922441 1 P 0
L 4.9812993 2.7450001 5.0187009 2.7450001 1 P 0
L 4.9883465 3.602756 4.9883465 3.6972441 1 P 0
L 4.9883465 3.602756 5.0316536 3.602756 1 P 0
L 4.9883465 3.6972441 5.0316536 3.6972441 1 P 0
L 4.9912993 3.6500001 5.0287009 3.6500001 1 P 0
L 4.9966535 4.2077559 4.9966535 4.302244 1 P 0
L 4.9966536 4.312756 4.9966536 4.4072441 1 P 0
L 5.0000001 2.7262993 5.0000001 2.7637008 1 P 0
L 5.0033464 4.392756 5.0033464 4.4872442 1 P 0
L 5.0033464 4.392756 5.0466535 4.392756 1 P 0
L 5.0033464 4.4872442 5.0466535 4.4872442 1 P 0
L 5.0062991 4.4400001 5.0437007 4.4400001 1 P 0
L 5.0083464 4.2077559 5.0083464 4.302244 1 P 0
L 5.0083464 4.2077559 5.0516535 4.2077559 1 P 0
L 5.0083464 4.302244 5.0516535 4.302244 1 P 0
L 5.0083465 4.312756 5.0083465 4.4072441 1 P 0
L 5.0083465 4.312756 5.0516536 4.312756 1 P 0
L 5.0083465 4.4072441 5.0516536 4.4072441 1 P 0
L 5.0100001 3.6312993 5.0100001 3.6687008 1 P 0
L 5.0112991 4.2549999 5.0487007 4.2549999 1 P 0
L 5.0112993 4.3600001 5.0487009 4.3600001 1 P 0
L 5.0216536 2.697756 5.0216536 2.7922441 1 P 0
L 5.022244 4.5783464 5.022244 4.6216535 1 P 0
L 5.0222441 4.5083465 5.0222441 4.5516536 1 P 0
L 5.0227559 3.8183465 5.0227559 3.8616536 1 P 0
L 5.0227559 3.8183465 5.117244 3.8183465 1 P 0
L 5.0227559 3.8616536 5.117244 3.8616536 1 P 0
L 5.0249999 4.4212993 5.0249999 4.4587008 1 P 0
L 5.0299999 4.2362992 5.0299999 4.2737007 1 P 0
L 5.0300001 4.3412993 5.0300001 4.3787008 1 P 0
L 5.0316536 3.602756 5.0316536 3.6972441 1 P 0
L 5.0433465 2.697756 5.0433465 2.7922441 1 P 0
L 5.0433465 2.697756 5.0866536 2.697756 1 P 0
L 5.0433465 2.7922441 5.0866536 2.7922441 1 P 0
L 5.0462993 2.7450001 5.0837009 2.7450001 1 P 0
L 5.0466535 4.392756 5.0466535 4.4872442 1 P 0
L 5.0512992 3.8400001 5.0887007 3.8400001 1 P 0
L 5.0516535 4.2077559 5.0516535 4.302244 1 P 0
L 5.0516536 4.312756 5.0516536 4.4072441 1 P 0
L 5.0633465 4.207756 5.0633465 4.3022441 1 P 0
L 5.0633465 4.207756 5.1066536 4.207756 1 P 0
L 5.0633465 4.3022441 5.1066536 4.3022441 1 P 0
L 5.0650001 2.7262993 5.0650001 2.7637008 1 P 0
L 5.066282 4.0730953 5.0969048 4.103718 1 P 0
L 5.066282 4.0730953 5.1330952 4.0062821 1 P 0
L 5.0662993 4.2550001 5.1037009 4.2550001 1 P 0
L 5.0699999 3.8212993 5.0699999 3.8587009 1 P 0
L 5.0850001 4.2362993 5.0850001 4.2737008 1 P 0
L 5.0866536 2.697756 5.0866536 2.7922441 1 P 0
L 5.0969048 4.103718 5.163718 4.0369049 1 P 0
L 5.1017765 4.0417767 5.1282235 4.0682236 1 P 0
L 5.1017766 4.0682235 5.1282235 4.0417767 1 P 0
L 5.106282 4.1130953 5.1369048 4.143718 1 P 0
L 5.106282 4.1130953 5.1730952 4.0462821 1 P 0
L 5.1066536 4.207756 5.1066536 4.3022441 1 P 0
L 5.117244 3.8183465 5.117244 3.8616536 1 P 0
L 5.12563 2.9943701 5.12563 3.91563 0 P 0
L 5.1283465 4.337756 5.1283465 4.4322442 1 P 0
L 5.1283465 4.337756 5.1716536 4.337756 1 P 0
L 5.1283465 4.4322442 5.1716536 4.4322442 1 P 0
L 5.1312993 4.3850001 5.1687009 4.3850001 1 P 0
L 5.1330952 4.0062821 5.163718 4.0369049 1 P 0
L 5.1369048 4.143718 5.203718 4.0769049 1 P 0
L 5.141282 3.9980952 5.1719048 4.0287179 1 P 0
L 5.141282 3.9980952 5.2080952 3.931282 1 P 0
L 5.1417765 4.0817767 5.1682235 4.1082236 1 P 0
L 5.1417766 4.1082235 5.1682235 4.0817767 1 P 0
L 5.146282 4.1530953 5.1769048 4.183718 1 P 0
L 5.146282 4.1530953 5.2130952 4.0862821 1 P 0
L 5.1500001 4.3662993 5.1500001 4.4037008 1 P 0
L 5.1577559 3.1683464 5.1577559 3.2116535 1 P 0
L 5.1577559 3.1683464 5.252244 3.1683464 1 P 0
L 5.1577559 3.2116535 5.252244 3.2116535 1 P 0
L 5.1716536 4.337756 5.1716536 4.4322442 1 P 0
L 5.1719048 4.0287179 5.2387179 3.9619046 1 P 0
L 5.1730952 4.0462821 5.203718 4.0769049 1 P 0
L 5.1767765 3.9667764 5.2032235 3.9932233 1 P 0
L 5.1767766 3.9932233 5.2032234 3.9667765 1 P 0
L 5.1769048 4.183718 5.243718 4.1169049 1 P 0
L 5.181282 4.0380951 5.2119048 4.0687179 1 P 0
L 5.181282 4.0380951 5.2480952 3.971282 1 P 0
L 5.1817765 4.1217767 5.2082235 4.1482236 1 P 0
L 5.1817766 4.1482235 5.2082235 4.1217767 1 P 0
L 5.186282 4.1930953 5.2169048 4.223718 1 P 0
L 5.186282 4.1930953 5.2530952 4.1262821 1 P 0
L 5.1862992 3.1899999 5.2237007 3.1899999 1 P 0
L 5.2049999 3.1712991 5.2049999 3.2087007 1 P 0
L 5.2080952 3.931282 5.2387179 3.9619046 1 P 0
L 5.2119048 4.0687179 5.278718 4.0019047 1 P 0
L 5.2130952 4.0862821 5.243718 4.1169049 1 P 0
L 5.2160806 4.0910805 5.2439195 4.1189195 1 P 0
L 5.2160806 4.1189193 5.2439195 4.0910805 1 P 0
L 5.2167765 4.0067764 5.2432235 4.0332233 1 P 0
L 5.2167765 4.0332233 5.2432234 4.0067765 1 P 0
L 5.2169048 4.223718 5.283718 4.1569049 1 P 0
L 5.2177558 3.3083464 5.2177558 3.3516535 1 P 0
L 5.2177558 3.3083464 5.312244 3.3083464 1 P 0
L 5.2177558 3.3516535 5.312244 3.3516535 1 P 0
L 5.221282 4.0780951 5.2519048 4.1087179 1 P 0
L 5.221282 4.0780951 5.2880952 4.011282 1 P 0
L 5.2217765 4.1617767 5.2482235 4.1882236 1 P 0
L 5.2217766 4.1882235 5.2482235 4.1617767 1 P 0
L 5.2283465 4.337756 5.2283465 4.4322442 1 P 0
L 5.2283465 4.337756 5.2716536 4.337756 1 P 0
L 5.2283465 4.4322442 5.2716536 4.4322442 1 P 0
L 5.2300001 3.7904211 5.5445789 4.105 0 P 0
L 5.2300001 4.4195789 5.5445789 4.105 0 P 0
L 5.2312993 4.3850001 5.2687009 4.3850001 1 P 0
L 5.2383465 3.7027559 5.2383465 3.797244 1 P 0
L 5.2383465 3.7027559 5.2816536 3.7027559 1 P 0
L 5.2383465 3.797244 5.2816537 3.797244 1 P 0
L 5.2412993 3.7499999 5.2787009 3.7499999 1 P 0
L 5.2462992 3.3299999 5.2837007 3.3299999 1 P 0
L 5.2480952 3.971282 5.278718 4.0019047 1 P 0
L 5.2500001 4.3662993 5.2500001 4.4037008 1 P 0
L 5.2519048 4.1087179 5.318718 4.0419047 1 P 0
L 5.252244 3.1683464 5.252244 3.2116535 1 P 0
L 5.2530952 4.1262821 5.283718 4.1569049 1 P 0
L 5.2567765 4.0467764 5.2832235 4.0732233 1 P 0
L 5.2567765 4.0732233 5.2832234 4.0467765 1 P 0
L 5.2600001 3.7312992 5.2600001 3.7687007 1 P 0
L 5.261282 4.1180951 5.2919048 4.1487179 1 P 0
L 5.261282 4.1180951 5.3280952 4.051282 1 P 0
L 5.2649999 3.3112991 5.2649999 3.3487007 1 P 0
L 5.2716536 4.337756 5.2716536 4.4322442 1 P 0
L 5.2816536 3.7027559 5.2816537 3.797244 1 P 0
L 5.2880952 4.011282 5.318718 4.0419047 1 P 0
L 5.2919048 4.1487179 5.358718 4.0819047 1 P 0
L 5.2967765 4.0867764 5.3232235 4.1132233 1 P 0
L 5.2967765 4.1132233 5.3232234 4.0867765 1 P 0
L 5.312244 3.3083464 5.312244 3.3516535 1 P 0
L 5.3280952 4.051282 5.358718 4.0819047 1 P 0
L 5.3283465 4.337756 5.3283465 4.4322442 1 P 0
L 5.3283465 4.337756 5.3716536 4.337756 1 P 0
L 5.3283465 4.4322442 5.3716536 4.4322442 1 P 0
L 5.3312993 4.3850001 5.3687009 4.3850001 1 P 0
L 5.3500001 4.3662993 5.3500001 4.4037008 1 P 0
L 5.3633465 3.122756 5.3633465 3.2172442 1 P 0
L 5.3633465 3.122756 5.4066536 3.122756 1 P 0
L 5.3633465 3.2172442 5.4066536 3.2172442 1 P 0
L 5.3662993 3.1700001 5.4037009 3.1700001 1 P 0
L 5.3716536 4.337756 5.3716536 4.4322442 1 P 0
L 5.3850001 3.1512993 5.3850001 3.1887008 1 P 0
L 5.3983464 4.272756 5.3983464 4.3672441 1 P 0
L 5.3983464 4.272756 5.4416535 4.272756 1 P 0
L 5.3983464 4.3672441 5.4416535 4.3672441 1 P 0
L 5.4012991 4.3200001 5.4387007 4.3200001 1 P 0
L 5.4066536 3.122756 5.4066536 3.2172442 1 P 0
L 5.4199999 4.3012993 5.4199999 4.3387008 1 P 0
L 5.4283465 3.122756 5.4283465 3.2172442 1 P 0
L 5.4283465 3.122756 5.4716536 3.122756 1 P 0
L 5.4283465 3.2172442 5.4716536 3.2172442 1 P 0
L 5.4312993 3.1700001 5.4687009 3.1700001 1 P 0
L 5.4416535 4.272756 5.4416535 4.3672441 1 P 0
L 5.4500001 3.1512993 5.4500001 3.1887008 1 P 0
L 5.4716536 3.122756 5.4716536 3.2172442 1 P 0
