#Layer_Color=16711935
#
#Feature symbol names
#
$0 r3.937

#
#Feature attribute names
#

#
#Layer features
#
A 4.3026771 3.3616929 4.3026771 3.3616929 4.2829921 3.3616929 0 P 0 N
A 4.3264173 3.8132678 4.3264173 3.8132678 4.3067323 3.8132678 0 P 0 N
A 5.1049228 4.105 5.1049228 4.105 5.0852378 4.105 0 P 0 N
L 4.0062991 4.5555512 4.0062991 4.6244489 0 P 0
L 4.0062991 4.5555512 4.0437007 4.5555512 0 P 0
L 4.0062991 4.6244489 4.0437007 4.6244489 0 P 0
L 4.0062993 4.4465354 4.0062993 4.5134645 0 P 0
L 4.0062993 4.4465354 4.0437009 4.4465354 0 P 0
L 4.0062993 4.5134645 4.0437009 4.5134645 0 P 0
L 4.0212991 3.8965354 4.0212991 3.9634645 0 P 0
L 4.0212991 3.8965354 4.0587007 3.8965354 0 P 0
L 4.0212991 3.9634645 4.0587007 3.9634645 0 P 0
L 4.0412991 3.3255512 4.0412991 3.3944489 0 P 0
L 4.0412991 3.3255512 4.0787007 3.3255512 0 P 0
L 4.0412991 3.3944489 4.0787007 3.3944489 0 P 0
L 4.0437007 4.5555512 4.0437007 4.6244489 0 P 0
L 4.0437009 4.4465354 4.0437009 4.5134645 0 P 0
L 4.0462991 3.0965355 4.0462991 3.1634646 0 P 0
L 4.0462991 3.0965355 4.0837007 3.0965355 0 P 0
L 4.0462991 3.1634646 4.0837007 3.1634646 0 P 0
L 4.0462993 2.9755511 4.0462993 3.0444488 0 P 0
L 4.0462993 2.9755511 4.0837009 2.9755511 0 P 0
L 4.0462993 3.0444488 4.0837009 3.0444488 0 P 0
L 4.0505511 3.2262991 4.0505511 3.2637007 0 P 0
L 4.0505511 3.2262991 4.1194488 3.2262991 0 P 0
L 4.0505511 3.2637007 4.1194488 3.2637007 0 P 0
L 4.0562993 2.8165355 4.0562993 2.8834646 0 P 0
L 4.0562993 2.8165355 4.0937009 2.8165355 0 P 0
L 4.0562993 2.8834646 4.0937009 2.8834646 0 P 0
L 4.0587007 3.8965354 4.0587007 3.9634645 0 P 0
L 4.0787007 3.3255512 4.0787007 3.3944489 0 P 0
L 4.0837007 3.0965355 4.0837007 3.1634646 0 P 0
L 4.0837009 2.9755511 4.0837009 3.0444488 0 P 0
L 4.0937009 2.8165355 4.0937009 2.8834646 0 P 0
L 4.1112991 3.0965355 4.1112991 3.1634646 0 P 0
L 4.1112991 3.0965355 4.1487007 3.0965355 0 P 0
L 4.1112991 3.1634646 4.1487007 3.1634646 0 P 0
L 4.1112993 2.9755511 4.1112993 3.0444488 0 P 0
L 4.1112993 2.9755511 4.1487009 2.9755511 0 P 0
L 4.1112993 3.0444488 4.1487009 3.0444488 0 P 0
L 4.1194488 3.2262991 4.1194488 3.2637007 0 P 0
L 4.1215748 3.3262598 4.1215748 3.4837401 0 P 0
L 4.1215748 3.3262598 4.3184252 3.3262598 0 P 0
L 4.1215748 3.4837401 4.3184252 3.4837401 0 P 0
L 4.1305512 3.1912991 4.1305512 3.2287007 0 P 0
L 4.1305512 3.1912991 4.1994489 3.1912991 0 P 0
L 4.1305512 3.2287007 4.1994489 3.2287007 0 P 0
L 4.1312993 2.8165355 4.1312993 2.8834646 0 P 0
L 4.1312993 2.8165355 4.1687009 2.8165355 0 P 0
L 4.1312993 2.8834646 4.1687009 2.8834646 0 P 0
L 4.1487007 3.0965355 4.1487007 3.1634646 0 P 0
L 4.1487009 2.9755511 4.1487009 3.0444488 0 P 0
L 4.1687009 2.8165355 4.1687009 2.8834646 0 P 0
L 4.1994489 3.1912991 4.1994489 3.2287007 0 P 0
L 4.2062993 2.8165355 4.2062993 2.8834646 0 P 0
L 4.2062993 2.8165355 4.2437009 2.8165355 0 P 0
L 4.2062993 2.8834646 4.2437009 2.8834646 0 P 0
L 4.2212993 2.9855512 4.2212993 3.0544489 0 P 0
L 4.2212993 2.9855512 4.2587009 2.9855512 0 P 0
L 4.2212993 3.0544489 4.2587009 3.0544489 0 P 0
L 4.2365355 4.1012991 4.2365355 4.1387007 0 P 0
L 4.2365355 4.1012991 4.3034646 4.1012991 0 P 0
L 4.2365355 4.1387007 4.3034646 4.1387007 0 P 0
L 4.2437009 2.8165355 4.2437009 2.8834646 0 P 0
L 4.2587009 2.9855512 4.2587009 3.0544489 0 P 0
L 4.2712992 3.0612993 4.2712992 3.8487009 0 P 0
L 4.2712992 3.0612993 5.0587008 3.0612993 0 P 0
L 4.2712992 3.8487009 5.0587008 3.8487009 0 P 0
L 4.2812993 2.8165355 4.2812993 2.8834646 0 P 0
L 4.2812993 2.8165355 4.3187009 2.8165355 0 P 0
L 4.2812993 2.8834646 4.3187009 2.8834646 0 P 0
L 4.3034646 4.1012991 4.3034646 4.1387007 0 P 0
L 4.3184252 3.3262598 4.3184252 3.4837401 0 P 0
L 4.3187009 2.8165355 4.3187009 2.8834646 0 P 0
L 4.3562993 2.8165355 4.3562993 2.8834646 0 P 0
L 4.3562993 2.8165355 4.3937009 2.8165355 0 P 0
L 4.3562993 2.8834646 4.3937009 2.8834646 0 P 0
L 4.3937009 2.8165355 4.3937009 2.8834646 0 P 0
L 4.4215355 4.3662991 4.4215355 4.4037007 0 P 0
L 4.4215355 4.3662991 4.4884646 4.3662991 0 P 0
L 4.4215355 4.4037007 4.4884646 4.4037007 0 P 0
L 4.4312993 2.8165355 4.4312993 2.8834646 0 P 0
L 4.4312993 2.8165355 4.4687009 2.8165355 0 P 0
L 4.4312993 2.8834646 4.4687009 2.8834646 0 P 0
L 4.4612993 3.3055512 4.4612993 3.3744489 0 P 0
L 4.4612993 3.3055512 4.4987009 3.3055512 0 P 0
L 4.4612993 3.3744489 4.4987009 3.3744489 0 P 0
L 4.4687009 2.8165355 4.4687009 2.8834646 0 P 0
L 4.4884646 4.3662991 4.4884646 4.4037007 0 P 0
L 4.4987009 3.3055512 4.4987009 3.3744489 0 P 0
L 4.5062993 2.8165355 4.5062993 2.8834646 0 P 0
L 4.5062993 2.8165355 4.5437009 2.8165355 0 P 0
L 4.5062993 2.8834646 4.5437009 2.8834646 0 P 0
L 4.5331102 3.3821653 4.5331102 3.5278346 0 P 0
L 4.5331102 3.3821653 4.7968897 3.3821653 0 P 0
L 4.5331102 3.5278346 4.7968897 3.5278346 0 P 0
L 4.5437009 2.8165355 4.5437009 2.8834646 0 P 0
L 4.5805511 2.9312993 4.5805511 2.9687009 0 P 0
L 4.5805511 2.9312993 4.6494488 2.9312993 0 P 0
L 4.5805511 2.9687009 4.6494488 2.9687009 0 P 0
L 4.5805512 4.3762991 4.5805512 4.4137007 0 P 0
L 4.5805512 4.3762991 4.6494489 4.3762991 0 P 0
L 4.5805512 4.4137007 4.6494489 4.4137007 0 P 0
L 4.5812991 3.9455511 4.5812991 4.0144488 0 P 0
L 4.5812991 3.9455511 4.6187007 3.9455511 0 P 0
L 4.5812991 4.0144488 4.6187007 4.0144488 0 P 0
L 4.5812993 2.8165355 4.5812993 2.8834646 0 P 0
L 4.5812993 2.8165355 4.6187009 2.8165355 0 P 0
L 4.5812993 2.8834646 4.6187009 2.8834646 0 P 0
L 4.6187007 3.9455511 4.6187007 4.0144488 0 P 0
L 4.6187009 2.8165355 4.6187009 2.8834646 0 P 0
L 4.6365355 4.5262991 4.6365355 4.5637007 0 P 0
L 4.6365355 4.5262991 4.7034646 4.5262991 0 P 0
L 4.6365355 4.5637007 4.7034646 4.5637007 0 P 0
L 4.6405511 2.8212991 4.6405511 2.8587007 0 P 0
L 4.6405511 2.8212991 4.7094488 2.8212991 0 P 0
L 4.6405511 2.8587007 4.7094488 2.8587007 0 P 0
L 4.6405511 2.8762991 4.6405511 2.9137007 0 P 0
L 4.6405511 2.8762991 4.7094488 2.8762991 0 P 0
L 4.6405511 2.9137007 4.7094488 2.9137007 0 P 0
L 4.6405511 2.9312991 4.6405511 2.9687007 0 P 0
L 4.6405511 2.9312991 4.7094488 2.9312991 0 P 0
L 4.6405511 2.9687007 4.7094488 2.9687007 0 P 0
L 4.6494488 2.9312993 4.6494488 2.9687009 0 P 0
L 4.6494489 4.3762991 4.6494489 4.4137007 0 P 0
L 4.7034646 4.5262991 4.7034646 4.5637007 0 P 0
L 4.7094488 2.8212991 4.7094488 2.8587007 0 P 0
L 4.7094488 2.8762991 4.7094488 2.9137007 0 P 0
L 4.7094488 2.9312991 4.7094488 2.9687007 0 P 0
L 4.7912991 4.2205511 4.7912991 4.2894488 0 P 0
L 4.7912991 4.2205511 4.8287007 4.2205511 0 P 0
L 4.7912991 4.2894488 4.8287007 4.2894488 0 P 0
L 4.7912991 4.3255511 4.7912991 4.3944488 0 P 0
L 4.7912991 4.3255511 4.8287007 4.3255511 0 P 0
L 4.7912991 4.3944488 4.8287007 4.3944488 0 P 0
L 4.7968897 3.3821653 4.7968897 3.5278346 0 P 0
L 4.8287007 4.2205511 4.8287007 4.2894488 0 P 0
L 4.8287007 4.3255511 4.8287007 4.3944488 0 P 0
L 4.8462991 4.2205511 4.8462991 4.2894488 0 P 0
L 4.8462991 4.2205511 4.8837007 4.2205511 0 P 0
L 4.8462991 4.2894488 4.8837007 4.2894488 0 P 0
L 4.8462991 4.3255511 4.8462991 4.3944488 0 P 0
L 4.8462991 4.3255511 4.8837007 4.3255511 0 P 0
L 4.8462991 4.3944488 4.8837007 4.3944488 0 P 0
L 4.8512991 3.9855511 4.8512991 4.0544488 0 P 0
L 4.8512991 3.9855511 4.8887007 3.9855511 0 P 0
L 4.8512991 4.0544488 4.8887007 4.0544488 0 P 0
L 4.8512993 2.7105512 4.8512993 2.7794489 0 P 0
L 4.8512993 2.7105512 4.8887009 2.7105512 0 P 0
L 4.8512993 2.7794489 4.8887009 2.7794489 0 P 0
L 4.8837007 4.2205511 4.8837007 4.2894488 0 P 0
L 4.8837007 4.3255511 4.8837007 4.3944488 0 P 0
L 4.8887007 3.9855511 4.8887007 4.0544488 0 P 0
L 4.8887009 2.7105512 4.8887009 2.7794489 0 P 0
L 4.9012991 4.2205511 4.9012991 4.2894488 0 P 0
L 4.9012991 4.2205511 4.9387007 4.2205511 0 P 0
L 4.9012991 4.2894488 4.9387007 4.2894488 0 P 0
L 4.9012991 4.3255511 4.9012991 4.3944488 0 P 0
L 4.9012991 4.3255511 4.9387007 4.3255511 0 P 0
L 4.9012991 4.3944488 4.9387007 4.3944488 0 P 0
L 4.9062991 3.3065354 4.9062991 3.3734645 0 P 0
L 4.9062991 3.3065354 4.9437007 3.3065354 0 P 0
L 4.9062991 3.3734645 4.9437007 3.3734645 0 P 0
L 4.9162993 2.7105512 4.9162993 2.7794489 0 P 0
L 4.9162993 2.7105512 4.9537009 2.7105512 0 P 0
L 4.9162993 2.7794489 4.9537009 2.7794489 0 P 0
L 4.9312991 4.4065355 4.9312991 4.4734646 0 P 0
L 4.9312991 4.4065355 4.9687007 4.4065355 0 P 0
L 4.9312991 4.4734646 4.9687007 4.4734646 0 P 0
L 4.9387007 4.2205511 4.9387007 4.2894488 0 P 0
L 4.9387007 4.3255511 4.9387007 4.3944488 0 P 0
L 4.9405511 4.5812991 4.9405511 4.6187007 0 P 0
L 4.9405511 4.5812991 5.0094488 4.5812991 0 P 0
L 4.9405511 4.6187007 5.0094488 4.6187007 0 P 0
L 4.9405512 4.5112993 4.9405512 4.5487009 0 P 0
L 4.9405512 4.5112993 5.0094489 4.5112993 0 P 0
L 4.9405512 4.5487009 5.0094489 4.5487009 0 P 0
L 4.9437007 3.3065354 4.9437007 3.3734645 0 P 0
L 4.9537009 2.7105512 4.9537009 2.7794489 0 P 0
L 4.9562991 4.2205511 4.9562991 4.2894488 0 P 0
L 4.9562991 4.2205511 4.9937007 4.2205511 0 P 0
L 4.9562991 4.2894488 4.9937007 4.2894488 0 P 0
L 4.9562993 4.3255512 4.9562993 4.3944489 0 P 0
L 4.9562993 4.3255512 4.9937009 4.3255512 0 P 0
L 4.9562993 4.3944489 4.9937009 4.3944489 0 P 0
L 4.9687007 4.4065355 4.9687007 4.4734646 0 P 0
L 4.9812993 2.7105512 4.9812993 2.7794489 0 P 0
L 4.9812993 2.7105512 5.0187009 2.7105512 0 P 0
L 4.9812993 2.7794489 5.0187009 2.7794489 0 P 0
L 4.9912993 3.6155512 4.9912993 3.6844489 0 P 0
L 4.9912993 3.6155512 5.0287009 3.6155512 0 P 0
L 4.9912993 3.6844489 5.0287009 3.6844489 0 P 0
L 4.9937007 4.2205511 4.9937007 4.2894488 0 P 0
L 4.9937009 4.3255512 4.9937009 4.3944489 0 P 0
L 5.0062991 4.4065355 5.0062991 4.4734646 0 P 0
L 5.0062991 4.4065355 5.0437007 4.4065355 0 P 0
L 5.0062991 4.4734646 5.0437007 4.4734646 0 P 0
L 5.0094488 4.5812991 5.0094488 4.6187007 0 P 0
L 5.0094489 4.5112993 5.0094489 4.5487009 0 P 0
L 5.0112991 4.2205511 5.0112991 4.2894488 0 P 0
L 5.0112991 4.2205511 5.0487007 4.2205511 0 P 0
L 5.0112991 4.2894488 5.0487007 4.2894488 0 P 0
L 5.0112993 4.3255512 5.0112993 4.3944489 0 P 0
L 5.0112993 4.3255512 5.0487009 4.3255512 0 P 0
L 5.0112993 4.3944489 5.0487009 4.3944489 0 P 0
L 5.0187009 2.7105512 5.0187009 2.7794489 0 P 0
L 5.0287009 3.6155512 5.0287009 3.6844489 0 P 0
L 5.0351279 4.105 5.23 3.910128 0 P 0
L 5.0351279 4.105 5.23 4.2998721 0 P 0
L 5.0355511 3.8212993 5.0355511 3.8587009 0 P 0
L 5.0355511 3.8212993 5.1044488 3.8212993 0 P 0
L 5.0355511 3.8587009 5.1044488 3.8587009 0 P 0
L 5.0437007 4.4065355 5.0437007 4.4734646 0 P 0
L 5.0462993 2.7105512 5.0462993 2.7794489 0 P 0
L 5.0462993 2.7105512 5.0837009 2.7105512 0 P 0
L 5.0462993 2.7794489 5.0837009 2.7794489 0 P 0
L 5.0487007 4.2205511 5.0487007 4.2894488 0 P 0
L 5.0487009 4.3255512 5.0487009 4.3944489 0 P 0
L 5.0587008 3.0612993 5.0587008 3.8487009 0 P 0
L 5.0662993 4.2205512 5.0662993 4.2894489 0 P 0
L 5.0662993 4.2205512 5.1037009 4.2205512 0 P 0
L 5.0662993 4.2894489 5.1037009 4.2894489 0 P 0
L 5.0774176 4.0661357 5.1038645 4.0925826 0 P 0
L 5.0774176 4.0661357 5.1261356 4.0174176 0 P 0
L 5.0837009 2.7105512 5.0837009 2.7794489 0 P 0
L 5.1037009 4.2205512 5.1037009 4.2894489 0 P 0
L 5.1038645 4.0925826 5.1525825 4.0438646 0 P 0
L 5.1044488 3.8212993 5.1044488 3.8587009 0 P 0
L 5.1174176 4.1061357 5.1438645 4.1325826 0 P 0
L 5.1174176 4.1061357 5.1661356 4.0574176 0 P 0
L 5.1261356 4.0174176 5.1525825 4.0438646 0 P 0
L 5.1312993 4.3515355 5.1312993 4.4184646 0 P 0
L 5.1312993 4.3515355 5.1687009 4.3515355 0 P 0
L 5.1312993 4.4184646 5.1687009 4.4184646 0 P 0
L 5.1438645 4.1325826 5.1925825 4.0838646 0 P 0
L 5.1524175 3.9911354 5.1788644 4.0175824 0 P 0
L 5.1524175 3.9911354 5.2011355 3.9424174 0 P 0
L 5.1574176 4.1461357 5.1838645 4.1725826 0 P 0
L 5.1574176 4.1461357 5.2061356 4.0974176 0 P 0
L 5.1661356 4.0574176 5.1925825 4.0838646 0 P 0
L 5.1687009 4.3515355 5.1687009 4.4184646 0 P 0
L 5.1705511 3.1712991 5.1705511 3.2087007 0 P 0
L 5.1705511 3.1712991 5.2394488 3.1712991 0 P 0
L 5.1705511 3.2087007 5.2394488 3.2087007 0 P 0
L 5.1788644 4.0175824 5.2275824 3.9688643 0 P 0
L 5.1838645 4.1725826 5.2325825 4.1238646 0 P 0
L 5.1924175 4.0311354 5.2188644 4.0575824 0 P 0
L 5.1924175 4.0311354 5.2411355 3.9824174 0 P 0
L 5.1974176 4.1861357 5.2238645 4.2125826 0 P 0
L 5.1974176 4.1861357 5.2461356 4.1374176 0 P 0
L 5.2011355 3.9424174 5.2275824 3.9688643 0 P 0
L 5.2061356 4.0974176 5.2325825 4.1238646 0 P 0
L 5.2188644 4.0575824 5.2675824 4.0088643 0 P 0
L 5.2238645 4.2125826 5.2725825 4.1638646 0 P 0
L 5.23 3.910128 5.4248718 4.105 0 P 0
L 5.23 4.2998721 5.4248718 4.105 0 P 0
L 5.2312993 4.3515355 5.2312993 4.4184646 0 P 0
L 5.2312993 4.3515355 5.2687009 4.3515355 0 P 0
L 5.2312993 4.4184646 5.2687009 4.4184646 0 P 0
L 5.2315354 3.3112991 5.2315354 3.3487007 0 P 0
L 5.2315354 3.3112991 5.2984645 3.3112991 0 P 0
L 5.2315354 3.3487007 5.2984645 3.3487007 0 P 0
L 5.2324175 4.0711354 5.2588644 4.0975824 0 P 0
L 5.2324175 4.0711354 5.2811355 4.0224174 0 P 0
L 5.2394488 3.1712991 5.2394488 3.2087007 0 P 0
L 5.2411355 3.9824174 5.2675824 4.0088643 0 P 0
L 5.2412993 3.7844488 5.2412994 3.7155511 0 P 0
L 5.2412993 3.7844488 5.2787009 3.7844488 0 P 0
L 5.2412994 3.7155511 5.2787009 3.7155511 0 P 0
L 5.2461356 4.1374176 5.2725825 4.1638646 0 P 0
L 5.2588644 4.0975824 5.3075824 4.0488643 0 P 0
L 5.2687009 4.3515355 5.2687009 4.4184646 0 P 0
L 5.2724175 4.1111354 5.2988644 4.1375824 0 P 0
L 5.2724175 4.1111354 5.3211355 4.0624174 0 P 0
L 5.2787009 3.7155511 5.2787009 3.7844488 0 P 0
L 5.2811355 4.0224174 5.3075824 4.0488643 0 P 0
L 5.2984645 3.3112991 5.2984645 3.3487007 0 P 0
L 5.2988644 4.1375824 5.3475824 4.0888643 0 P 0
L 5.3211355 4.0624174 5.3475824 4.0888643 0 P 0
L 5.3312993 4.3515355 5.3312993 4.4184646 0 P 0
L 5.3312993 4.3515355 5.3687009 4.3515355 0 P 0
L 5.3312993 4.4184646 5.3687009 4.4184646 0 P 0
L 5.3662993 3.1365355 5.3662993 3.2034646 0 P 0
L 5.3662993 3.1365355 5.4037009 3.1365355 0 P 0
L 5.3662993 3.2034646 5.4037009 3.2034646 0 P 0
L 5.3687009 4.3515355 5.3687009 4.4184646 0 P 0
L 5.4012991 4.2855512 5.4012991 4.3544489 0 P 0
L 5.4012991 4.2855512 5.4387007 4.2855512 0 P 0
L 5.4012991 4.3544489 5.4387007 4.3544489 0 P 0
L 5.4037009 3.1365355 5.4037009 3.2034646 0 P 0
L 5.4312993 3.1365355 5.4312993 3.2034646 0 P 0
L 5.4312993 3.1365355 5.4687009 3.1365355 0 P 0
L 5.4312993 3.2034646 5.4687009 3.2034646 0 P 0
L 5.4387007 4.2855512 5.4387007 4.3544489 0 P 0
L 5.4687009 3.1365355 5.4687009 3.2034646 0 P 0
